51
0 -1 1 -1
1 -1 0.376399 -1
2 -1 -0.347419 -1
3 -1 -1 -1
4 -0.36755 1 -1
5 0.328249 1 -1
6 1 1 -0.999999
7 -0.36755 -1 -1
8 0.328249 -1 -1
9 1 -1 -1
10 1 0.359233 -1
11 1 -0.336726 -1
12 -1 -1 -0.312028
13 -1 -1 0.391181
14 -1 -1 1
15 -1 1 -0.339942
16 -1 1 0.357521
17 -1 1 1
18 -1 -0.347514 1
19 -1 0.353374 1
20 -0.36755 -1 1
21 0.328249 -1 1
22 1 -1 1
23 -0.36755 1 1
24 0.328248 1 1
25 0.999999 1 1
26 1 -0.347514 1
27 1 0.353374 1
28 1 -1 0.367329
29 1 -1 -0.349284
30 1 1 0.363382
31 1 1 -0.328656
32 -0.332138 0.472364 -1
33 -0.326525 -0.237496 -1
34 0.337431 0.0476919 -1
35 -1 0.0544591 -0.323342
36 -1 0.465568 0.327007
37 -1 -0.242398 0.341788
38 -0.320281 -0.236413 1
39 -0.329491 0.465445 1
40 0.340829 0.0397342 1
41 1 -0.135727 -0.222281
42 1 -0.301471 0.497075
43 1 0.428204 0.341934
44 0.317144 1 -0.471611
45 -0.371695 1 -0.151091
46 -0.344546 1 0.498369
47 0.317685 1 0.193588
48 -0.33775 -1 -0.433829
49 -0.330574 -1 0.290756
50 0.357621 -1 -0.00843911
