237
2.16841 -0.571094 -1.23543 -0.361892 0.0830721 -1.25122 -0.488195 1.65634 -0.373711 -2.66329 2.08122 0.955785 
0.11485 0.992207 0.00617035 -1.11323 1.84874 -1.59466 0.228669 -0.482753 -0.0782362 -0.51813 1.49578 -0.899417 
0.311837 1.1526 -1.46444 0 -0.128768 0.584464 1.36917 -1.82487 -1.48955 1.48955 -4.2826e-17 4.2826e-17 
-9.6547e-17 -1.58115 1.58115 0 1.53238 -1.53238 8.81995e-17 -8.81995e-17 -1.66986 0.857348 -1.47079 2.2833 
1.1611 0.561146 -1.16793 -0.55431 0.167234 -0.663281 1.87708 -1.38104 -0.624585 1.20597 0.609893 -1.19128 
-0.115535 0.655323 -1.85812 1.31833 -1.25979 -0.123617 1.28454 0.0988677 0.922792 -1.89606 -0.543185 1.51645 
-1.89466 0.888237 0.72921 0.27721 0.231282 -0.864443 -1.23663 1.86979 0.394691 1.60156 -2.10105 0.10479 
0.411525 1.10029 -1.51182 0 -0.958086 0.944836 0.0132498 2.60209e-17 -0.581494 -0.210324 -0.91399 1.70581 
-0.0705675 1.1806 -1.68684 0.576811 -1.45006 -0.469177 0.550966 1.36827 0.609376 -1.72657 -0.158603 1.2758 
-1.37097 1.33211 -0.486436 0.525301 -0.824104 -1.13032 0.673364 1.28106 0.188857 -0.278252 -1.11888 1.20827 
1.68132 -1.52273 -1.31117 1.15259 0.296522 -0.023188 -2.25989 1.98656 -0.437712 -1.59687 -0.190025 2.22461 
0.296798 0.774308 0.880735 -1.95184 -0.128066 -0.80824 0.936306 1.11022e-16 -1.36732 0.771428 0.595889 0 
-0.60304 -0.897985 1.50103 0 1.40396 -1.41583 0.0118694 2.18575e-16 -0.59838 -0.626772 -0.906657 2.13181 
0.487993 1.48993 -1.82319 -0.15473 -0.793547 1.6009 0.339766 -1.14712 -1.35382 -0.170638 0.321596 1.20286 
0.999348 0.655581 -0.777884 -0.877045 -0.287357 1.23323 -1.30427 0.358396 0.952821 -1.12072 -1.33142 1.49932 
-0.526833 -1.00579 1.53262 0 -1.03009 -0.485944 -0.742083 2.25811 -0.992905 1.0383 -0.0453995 -4.85723e-17 
-0.900635 1.16055 -0.752493 0.492574 0.930882 -0.521616 -1.18487 0.775601 1.12167 0.37248 -0.34504 -1.14911 
-0.57035 1.53063 -0.960284 4.44089e-16 -1.0729 0.712058 -1.64739 2.00823 0.975019 0.0445817 -1.0196 2.22045e-16 
-0.54937 1.45502 -0.905654 -1.11022e-16 0.649361 -0.180192 1.56707 -2.03624 -1.18066 0.00710438 1.17356 0 
-1.378 0.709189 1.55511 -0.886299 -0.298293 -1.65109 -0.114042 2.06342 -1.10308 0.703708 -0.852992 1.25236 
1.88003 1.02211 -0.532159 -2.36998 -0.310789 -1.13028 1.44107 0 -1.46174 1.12971 0.332032 1.11022e-16 
-1.56166 0.303326 1.45437 -0.196039 0.447775 -2.11097 0.298877 1.36432 -0.282354 0.176751 -1.42882 1.53442 
-1.41225 1.56233 -0.327543 0.17746 -0.363358 -1.08006 0.555849 0.887566 0.543723 0.456717 -2.18338 1.18294 
-1.49562 0.202191 1.29343 0 -0.0118266 -1.40713 1.41896 2.22045e-16 -0.799261 -1.58258 -0.169087 2.55092 
-1.7563 -0.667331 2.08617 0.337458 -1.24744 1.08855 -0.654468 0.813357 0.953691 1.84948 -1.11363 -1.68954 
0.149728 -1.75033 2.07099 -0.470391 0.672959 -1.52212 -0.593818 1.44298 -1.66471 -0.194559 0.374444 1.48482 
-0.0898905 0.458044 1.87259 -2.24074 1.40802 -1.40511 0.0148076 -0.0177188 -0.908335 -1.44585 1.00072 1.35347 
-0.7561 -2.00883 1.17871 1.58622 -1.2628 0.124355 1.23664 -0.098194 0.0115514 -1.50229 1.9631 -0.472367 
0.0862458 -0.873939 -1.14258 1.93027 -0.379058 -0.91689 1.03319 0.262763 1.41445 -1.45552 -0.0595678 0.100634 
-0.4623 -0.101026 -1.51359 2.07691 -0.950427 0.955365 0.0132654 -0.0182024 -1.10978 -0.936597 0.790746 1.25563 
-0.695266 1.48154 -0.786278 0 0.314749 0.855513 0.891087 -2.06135 -1.51068 -0.0619331 1.57261 -2.22045e-16 
-0.912469 -0.591894 1.50436 1.25557e-07 -1.43676 1.41702 0.0197413 1.64765e-09 2.12867 0.401416 -0.429579 -2.10051 
-0.306059 -1.50902 0.566354 1.24872 1.41794 -1.41963 -0.0349005 0.0365877 0.260907 -0.341719 -1.67167 1.75249 
0.488542 -0.275481 1.68126 -1.89432 -0.220505 -1.76404 0.874033 1.11052 -1.79197 1.78075 -0.0884938 0.0997084 
-1.58115 1.58115 2.21334e-17 -2.21334e-17 -1.66583 1.83089 1.87118 -2.03624 -1.51502 -3.31224e-16 1.51502 4.44089e-16 
-0.710908 -0.856113 0.891014 0.676007 -1.91931 2.04958 1.48813 -1.61839 1.99197 -1.5199 -0.0136125 -0.458461 
-0.23042 -1.2669 1.49732 0 1.60359 -1.60359 1.37973e-16 8.4072e-17 -0.134268 -0.110594 -1.4038 1.64866 
0.52831 -1.50478 0.420949 0.555522 0.5089 0.298299 1.13648 -1.94368 1.00269 0.297677 -1.1795 -0.120861 
-0.597432 -0.849416 1.44685 0 -1.45697 0.447823 -0.850498 1.85965 -1.37418 1.38851 -0.014328 1.9082e-17 
0.896694 0.143844 -0.184716 -0.855822 0.167523 0.624462 -2.24339 1.4514 0.745514 -1.4495 0.0564282 0.647562 
-1.58115 -1.2013e-16 1.58115 4.44089e-16 -0.82199 -1.62083 0.347508 2.09531 0.0832246 1.76625 -1.84948 0 
-1.72129 -1.08275 0.776384 2.02765 0.475075 -1.51862 -0.405011 1.44855 0.10283 1.82429 -1.88496 -0.0421535 
-0.108923 -0.0424197 1.16127 -1.00993 -1.90458 -0.548945 1.15396 1.29957 -1.67988 1.58154 -0.317318 0.415654 
0.277027 -1.58886 -0.530621 1.84246 -1.33384 1.23375 0.100094 -5.55112e-17 -0.213014 -1.32224 1.53525 -2.22045e-16 
0.666914 0.837428 -1.50434 3.46751e-07 1.05012 -1.03041 -0.0197087 4.17656e-07 0.305799 0.224317 0.844851 -1.37497 
-1.48864 1.48865 -1.89255e-06 1.49534e-16 -0.754866 0.467972 2.11176 -1.82487 -1.92383 0.0312855 1.89255 -2.22045e-16 
1.24231 -1.61595 -1.38486 1.75849 1.60359 -1.48904e-16 -1.60359 2.22045e-16 -1.51502 1.51502 3.10949e-16 -8.89046e-17 
-0.489411 0.991066 1.00785 -1.50951 -1.01201 -1.00373 0.48694 1.5288 -1.03154 0.513665 -1.04043 1.5583 
-1.48865 1.48865 0 0 0 -1.50767 1.50767 0 0 -1.53677 0 1.53677 
-0.491522 -1.01094 1.50246 -6.18839e-07 1.04534 -1.05983 0.0144869 -5.6968e-07 -0.57046 -0.686246 -0.378728 1.63543 
0.40378 -1.52029 1.11651 7.35821e-08 -0.96667 0.0183943 0.948275 6.24947e-08 0.716851 0.555032 0.386725 -1.65861 
-0.267337 -1.24267 1.51 0 -0.533238 -0.273115 -1.28896 2.09531 -1.45355 1.45355 -9.15579e-17 3.13603e-16 
-0.640816 -1.05656 0.877883 0.819493 -0.621138 0.508485 -0.681675 0.794329 -0.976836 1.09757 0.730567 -0.851301 
1.46391 -1.67246 1.01648 -0.80794 0.096475 0.347046 -2.1618 1.71828 -0.42347 -1.454 1.17973 0.69774 
0.833659 -1.50928 0.675617 -6.16198e-07 1.43686 8.23252e-07 -1.43686 -1.06206e-06 0.12082 -1.59492 -0.583465 2.05757 
0.367915 0.362399 1.21676 -1.94708 1.43686 -1.43686 -6.63697e-07 -3.18459e-17 -0.371355 -0.914458 1.28581 0 
0.664124 -1.53539 1.28396 -0.412691 0.262437 -1.63227 -0.266431 1.63626 -1.11879 -1.03882 1.11625 1.04136 
0.740425 0.816288 -1.55671 0 -0.18155 -0.333568 -0.986007 1.50113 1.39545 -1.39545 9.02055e-17 -9.02055e-17 
-0.187996 0.8638 1.045 -1.7208 -0.930237 1.2103 -0.564532 0.284467 2.07057 -0.753335 -2.65517 1.33794 
-1.50559 0.213184 1.29241 0 -0.204953 -0.361779 -0.62199 1.18872 -0.0784935 1.42107 -1.34257 0 
0.872491 -0.21167 -1.47474 0.813919 -0.38041 2.07132 -1.58458 -0.106324 -1.39786 0.137032 0.168899 1.09193 
0.751935 0.699233 -1.45117 0 -0.852167 1.7421 1.17141 -2.06135 -1.50392 1.50274 0.00118053 4.55365e-18 
-1.64733 1.63186 1.85881 -1.84334 1.08457 -1.31727 0.806074 -0.573372 -1.50197 -0.00132753 1.5018 0.00149956 
-0.0740485 -1.3054 -0.579533 1.95898 -0.466703 1.9727 -1.93006 0.424058 -2.15712 0.916871 -0.327902 1.56815 
-0.138834 0.0931444 1.14165 -1.09596 -2.23482 1.62869 0.810874 -0.20475 0.0945741 1.43654 -0.619928 -0.911182 
-0.694577 -1.07329 0.944485 0.823384 1.25964 -1.69223 -0.865613 1.29821 -0.66227 1.38268 -1.29511 0.574702 
-1.92807 0.467871 0.166633 1.29357 0.521808 -2.1676 1.81697 -0.171176 0.0155131 -0.398847 -1.33092 1.71426 
0.207495 -1.93605 1.18589 0.54267 0.470939 -0.12759 -2.15064 1.80729 -1.99782 0.560047 1.13073 0.307045 
-1.4372 1.4372 3.29011e-17 -3.29011e-17 -1.23414 -0.0773255 1.31147 0 0.274725 -0.777555 -1.20298 1.70581 
-1.08136 -0.0385412 -0.637592 1.75749 -0.031684 1.42578 -1.3941 0 -1.51761 0.636347 0.881259 0 
-1.0861 -0.684935 0.0571245 1.71391 0.143723 0.357305 -2.11325 1.61222 -1.43932 1.66294 -0.943173 0.719557 
-0.704134 -0.13759 -1.03828 1.88 -1.6632 0.604722 0.574769 0.483705 1.32932 -2.25651 1.651 -0.723809 
0.867348 0.894837 0.486657 -2.24884 0.196406 -1.20272 1.00631 0 -1.33657 0.31084 1.02573 -2.22045e-16 
0.395687 0.102569 1.75417 -2.25242 -0.428364 -1.6066 1.86979 0.165179 -2.07596 1.03645 -0.195961 1.23548 
-1.01375 1.27162 -0.67498 0.417107 -0.976503 1.9559 1.09761 -2.07701 -1.92401 0.435 1.87257 -0.383561 
0.0449627 -0.15738 1.14933 -1.03691 0.581853 -2.53166 0.99948 0.950322 -1.67635 0.126749 0.127754 1.42185 
-0.652151 -1.36812 1.39673 0.623537 0.634682 -0.281152 -1.88627 1.53274 -1.17588 1.34408 -0.897448 0.729246 
-0.917388 0.16614 -1.00724 1.75849 1.04599 0.026699 -1.07269 0 -0.661206 1.52076 -0.859551 0 
-0.550981 1.50164 -0.95066 2.22045e-16 -0.94965 -0.0131606 0.962811 -1.11022e-16 -1.06345 -0.784504 -0.492722 2.34067 
0.315522 1.5319 0.203098 -2.05052 -1.32844 -0.0824207 1.30054 0.110324 -0.673533 0.877019 -1.31286 1.10937 
0.569684 1.53202 -0.486345 -1.61536 -0.242899 -0.0829328 2.04766 -1.72183 -2.0954 0.876759 1.03818 0.180455 
0.670109 -1.50269 0.832579 -3.59734e-07 1.05654 -0.014489 -1.04205 -5.67182e-07 -0.863273 0.378784 -1.15094 1.63543 
0.234512 1.66997 -1.39604 -0.508442 -1.99423 0.879131 0.885612 0.229487 -0.0898933 -0.0470623 -1.728 1.86496 
0.70331 1.82674 -0.160068 -2.36998 -0.205058 1.15704 -0.951983 0 1.39545 -1.05853e-16 -1.39545 0 
0.45363 1.59988 -1.08677 -0.966734 -1.65838 0.961702 0.312495 0.384186 -0.157238 -0.22039 -1.03618 1.4138 
-0.348312 -1.25374 -0.562036 2.16409 1.38156 -5.97689e-18 -1.38156 0 -0.820532 1.47785 -0.657319 0 
-1.89454 -0.279635 1.15212 1.02205 0.23208 -1.88614 1.61593 0.0381386 0.394735 -0.105707 -1.94118 1.65215 
-1.50222 1.48698 -0.323375 0.338614 -0.790822 -1.33489 1.4503 0.675409 0.0423349 -0.12519 -1.75823 1.84109 
1.18476 1.11887 -0.351789 -1.95184 0.805122 -0.956916 0.151794 8.32667e-17 -0.804715 -0.81594 1.62065 -2.22045e-16 
-1.58115 -1.82146e-16 1.58115 0 -0.106118 -1.89525 2.00136 0 -0.25218 -1.53451 0.138027 1.64866 
-1.12839 0.707288 -1.08191 1.50301 -1.73559 1.67065 0.471715 -0.40677 -0.386003 -1.33527 1.73337 -0.0120931 
0.873513 -0.485689 0.538383 -0.926206 0.557082 2.01503 -1.27437 -1.29774 1.14481 0.260772 -2.21334 0.807761 
0.336958 0.717728 0.141662 -1.19635 -1.39798 1.2034 0.371547 -0.176976 -0.180916 1.22845 -2.00034 0.952803 
1.63845 -1.02621 -1.29444 0.682193 -0.535161 0.251624 -1.05032 1.33385 0.154053 -1.93406 0.494304 1.28571 
0.506959 0.189196 1.67383 -2.36998 -1.37283 1.12522 0.247609 -2.498e-16 -0.316309 1.64939 -1.33308 -2.22045e-16 
-1.48814 1.25052 0.237624 -2.77556e-17 -0.0195284 1.4412 -1.42167 2.22045e-16 0.424947 -0.124695 1.80025 -2.10051 
-1.72691 1.11639 0.108269 0.502251 -0.272284 -1.78867 2.22477 -0.163815 0.18736 -1.17207 -0.93494 1.91965 
-1.32707 1.31483 -1.05747 1.06971 -0.948057 -0.020345 0.949309 0.0190937 0.0275888 -1.89616 0.0890291 1.77954 
-0.801419 1.10612 1.69443 -1.99913 -1.33706 -0.701695 0.863611 1.17514 -1.37216 1.36915 -0.0167798 0.0197972 
-0.225496 -1.25934 1.48484 -2.22045e-16 1.38156 -1.38156 7.07857e-18 -7.07857e-18 -0.965302 0.164631 -1.75025 2.55092 
-1.49799 0.215952 1.28204 2.22045e-16 0.0805964 -1.32309 1.24249 2.22045e-16 -0.857607 -0.730538 -0.69516 2.2833 
1.46469 -0.314771 -1.14992 0 0.455593 0.12998 1.23929 -1.82487 -0.00119153 1.50357 -1.50237 0 
-0.852565 1.963 -0.541458 -0.568981 -0.543723 -0.365821 1.97947 -1.06992 -1.11736 -0.346258 0.187682 1.27593 
-1.50726 0.253367 1.25389 2.22045e-16 -0.768214 -1.13632 -0.289517 2.19405 0.0149263 1.37759 -1.39252 0 
-1.17687 1.34898 0.688631 -0.860742 -1.15355 -1.52044 1.29491 1.37908 -0.390108 1.03069 -1.54425 0.903672 
2.11375 -1.28264 0.414969 -1.24607 0.333278 2.00546 -1.89927 -0.439476 -0.229331 -0.784033 -1.09597 2.10933 
0.567299 -1.501 0.9337 -1.11022e-16 -0.256818 1.21464 1.10352 -2.06135 1.23263 0.0196613 -1.25229 0 
-1.49807 1.53299 -0.332859 0.297939 0.0810952 -0.295046 2.03935 -1.8254 -0.857332 -1.5441 1.12602 1.27542 
-1.79516 -1.56262 0.903144 2.45464 1.53238 -8.71655e-17 -1.53238 0 -2.22316e-16 1.45355 -1.45355 2.22045e-16 
-0.565637 1.88348 -1.37288 0.0550398 -1.84247 -0.0518092 1.54739 0.346897 0.0769025 -0.631325 -1.04895 1.60337 
2.14486 -1.62293 -0.16376 -0.358173 -0.261825 -0.949503 -0.736025 1.94735 -0.446812 -1.61105 1.82071 0.237152 
-1.4372 1.4372 5.12071e-17 -5.12071e-17 0.998527 -1.2996 -1.70716 2.00823 1.33503 0.0749277 -1.40995 0 
-1.23799 -0.233207 1.4712 0 -1.42676 1.42676 3.3664e-17 -3.3664e-17 0.123446 0.299812 1.67725 -2.10051 
-1.06421 1.10435 0.0953117 -0.135458 0.333861 0.532742 -1.82832 0.961719 0.568091 0.90373 -0.0347272 -1.43709 
-1.4372 -3.92825e-17 1.4372 0 -1.22064 1.30961 -0.0889687 0 -0.497801 1.08161 1.07479 -1.65861 
-1.23627 -1.3859 0.318499 2.30367 -0.0927133 1.31995 -1.22724 2.22045e-16 -1.42205 6.18595e-17 1.42205 0 
-1.01302 -0.243099 -1.04755 2.30367 -0.952917 0.936708 0.0162092 -6.93889e-18 -0.425301 -1.0854 1.5107 0 
-1.21927 -0.306299 1.89053 -0.36496 0.0469202 -0.738256 -1.126 1.81734 -1.73501 1.53354 -0.134135 0.335608 
0.222377 0.883603 -1.79206 0.686082 -2.1761 -0.489145 1.52061 1.14464 -0.143964 -1.40505 0.374329 1.17469 
-0.213506 -1.33262 -0.296326 1.84246 -1.42676 -3.04932e-17 1.42676 0 1.29141 -1.51927 0.227853 -5.55112e-17 
-1.48864 1.39863e-06 1.48864 -1.63543e-06 1.24733e-06 -1.56063 1.56063 -1.63543e-06 -1.24733 -1.39863 1.01052 1.63543 
0.436645 1.03507 -1.47171 0 -0.604439 -0.719138 -0.684648 2.00823 1.00435 -0.961484 -0.0428655 4.85723e-17 
0.628339 -1.46462 0.836284 -2.22045e-16 -0.331268 -0.999776 -0.528602 1.85965 -1.02712 0.0433852 0.983738 2.22045e-16 
-1.4372 -4.83064e-17 1.4372 0 0.908428 -1.92554 -0.842534 1.85965 -1.6906 1.76625 -0.0756474 2.22045e-16 
0.681251 1.05844 -1.21856 -0.521131 -0.026216 -1.09398 -0.703151 1.82335 0.969414 -1.3182 0.235405 0.113379 
1.83283 -1.31205 -0.276713 -0.244075 -0.505862 0.171396 -1.74108 2.07555 -0.109493 -1.7602 1.77613 0.093559 
-0.44994 -1.59379 0.108436 1.93529 -1.06732 0.771699 -1.02544 1.32106 -0.995183 0.0472113 1.0053 -0.0573274 
-0.882733 -0.564682 -1.00722 2.45464 -0.0157563 0.958105 -0.942348 1.11022e-16 -1.46849 0.908817 0.559676 -2.22045e-16 
-0.901863 1.75106 -1.31768 0.468486 -0.0336537 1.63828 0.253606 -1.85823 -1.45786 -0.972999 1.32723 1.10363 
-0.505174 -1.54473 0.207451 1.84246 0.0311304 -1.41743 1.3863 2.22045e-16 1.49109 -0.2363 -1.25479 -2.22045e-16 
0.684346 -1.56665 1.24015 -0.357849 -1.11631 -1.55679 0.725557 1.94754 -1.89664 0.428089 1.23108 0.237473 
0.343466 1.75246 -1.72242 -0.373507 -1.86739 1.87164 -0.408596 0.404352 -0.227414 -0.186995 -1.54518 1.95959 
-0.213331 -1.28049 1.49382 0 -1.06698 0.295658 -1.42274 2.19405 -1.42205 1.42205 -6.66763e-17 6.66763e-17 
1.87669 0.273919 -1.61309 -0.53752 -0.229894 1.72351 -1.7228 0.229185 -0.391017 -1.7582 0.172125 1.97709 
-1.49511 1.66922 1.77773 -1.95184 1.56063 -1.56063 -1.48955e-06 8.61799e-17 -1.48955 -2.88398e-17 1.48955 -2.22045e-16 
0.35355 1.2357 -1.58925 -2.22045e-16 0.537542 1.30188 0.196815 -2.03624 -1.17626 1.18402 -0.00775977 4.51028e-17 
-1.77461 -0.169701 1.36152 0.58279 0.238819 -0.38516 -1.752 1.89835 -0.994332 1.63393 -0.560362 -0.0792345 
0.785119 1.53191 -0.983072 -1.33396 -1.22756 1.243 0.286626 -0.302066 0.479914 -0.584987 -1.95054 2.05561 
-0.162813 -0.789718 -0.80596 1.75849 -0.0261643 1.0665 -1.04034 2.22045e-16 -1.4903 0.507421 0.982879 -2.22045e-16 
-1.48623 1.26999 0.216246 -1.66533e-16 0.0920043 1.23099 -1.32299 2.22045e-16 0.442591 1.93592 -0.278007 -2.10051 
-1.36888 -0.388953 1.15514 0.602701 -0.660351 0.659605 -1.31706 1.31781 -1.1202 1.12068 0.832562 -0.833034 
1.95221 -1.46791 0.258616 -0.742919 -0.390605 -0.997543 0.566605 0.821543 -1.38196 0.997038 1.20605 -0.821128 
-8.67362e-17 0 -1.58115 1.58115 -1.39103e-16 1.5326 -1.5326 0 -1.64253 0 1.64253 0 
0.343136 0.202873 -1.86211 1.3161 -1.86747 1.50404 0.0512213 0.312209 -0.22771 -1.57713 0.624162 1.18068 
0.802814 -0.575787 1.22153 -1.44855 0.283144 -2.24869 0.0186013 1.94695 -1.35899 0.581171 1.281 -0.503185 
0.715248 0.86323 -1.70918 0.130704 0.47524 -1.46397 0.341979 0.646746 0.882806 -0.653167 1.20992 -1.43956 
-1.11033 0.141553 -0.0726223 1.0414 0.661314 -1.005 -0.636027 0.979711 0.0787788 1.50177 -1.81637 0.235826 
-0.488264 -1.66267 1.20213 0.948807 0.159253 -0.293234 -1.81664 1.95062 -1.86619 0.432859 -0.844336 2.27766 
-1.96338 -2.35994 2.55005 1.77327 -1.30455 -0.0904093 -0.343173 1.73814 -2.42334 0.406719 1.42882 0.587804 
-0.561039 -0.94531 1.50635 -1.49371e-07 -0.954996 0.973222 -0.0182257 1.53781e-07 -0.0874297 2.07747 1.9867 -3.97674 
0.678866 -1.51706 0.83819 9.38174e-07 -1.42676 -1.76737e-06 1.42676 2.00499e-06 1.85775 1.98837 0.13062 -3.97674 
0.678866 0.83819 1.51706 -3.03411 -1.42676 1.42676 1.76737e-06 -1.52974e-06 1.85775 0.13062 -1.98837 -1.40047e-07 
1.35952 -0.5107 2.1853 -3.03411 0.331097 1.07333 -1.40443 -3.54994e-07 1.55725 -1.39755 -0.159698 -1.66965e-06 
0.125744 -0.984942 -1.50233 2.36153 -0.963306 0.0119171 0.979961 -0.0285727 0.818357 -1.29902 1.34282 -0.862153 
-1.49315 -0.763809 -0.163472 2.42043 0.909622 -1.68214 1.25233 -0.479812 1.40258 0.14013 -1.06389 -0.478812 
1.49315 -0.163472 -0.763809 -0.565868 -0.909622 1.25233 -1.68214 1.33943 -1.40258 -1.06389 0.14013 2.32634 
1.15448 0.61146 -0.823144 -0.942797 -1.65547 1.34662 -0.200469 0.509319 -1.34044 -0.11218 -0.942868 2.39549 
-1.36477 0.245001 -1.4664 2.58617 -0.757627 -1.46581 -0.149607 2.37304 1.3596 -0.244365 -1.51084 0.39561 
-1.36477 1.4664 0.245001 -0.346628 -0.757627 0.149607 -1.46581 2.07383 1.3596 1.51084 -0.244365 -2.62607 
-1.18509 0.0783761 0.99244 0.114274 0.00655643 -1.5583 0.550934 1.00081 -1.79108 -0.0783721 -0.988677 2.85813 
1.18509 0.99244 0.0783761 -2.25591 -0.00655643 0.550934 -1.5583 1.01393 1.79108 -0.988677 -0.0783721 -0.724034 
-0.258486 -1.23292 -1.4914 2.98281 1.54649 -1.54649 -1.03758e-16 1.03758e-16 0.257815 1.22809 -1.4859 -2.22045e-16 
-0.258486 1.4914 -1.23292 0 1.54649 2.42536e-16 -1.54649 -2.22045e-16 0.257815 1.4859 1.22809 -2.9718 
-0.933174 1.16219 -0.0173597 -0.211657 -2.17971 -0.576712 -1.3037 4.06012 0.520348 0.882657 -1.48012 0.0771179 
0.933174 -0.0173597 1.16219 -2.078 2.17971 -1.3037 -0.576712 -0.299298 -0.520348 -1.48012 0.882657 1.11781 
0.920766 1.15127 0.0180501 -2.09009 1.24792 -1.39655 1.35554 -1.20692 -1.57823 -0.0481268 1.53899 0.0873723 
-1.16063 -0.430951 -1.59158 3.18317 0.0818616 1.78929 -1.87115 2.22045e-16 -1.43377 1.43377 -2.33754e-16 2.33754e-16 
-1.16063 1.59158 -0.430951 1.11022e-16 0.0818616 1.87115 1.78929 -3.74229 -1.43377 2.33754e-16 1.43377 -2.22045e-16 
-1.29578 -1.59655 0.358975 2.53336 0.643005 -1.85052 -1.49045 2.69796 -0.984119 0.0165278 -1.19431 2.1619 
-1.29578 0.358975 1.59655 -0.659742 0.643005 -1.49045 1.85052 -1.00308 -0.984119 -1.19431 -0.0165278 2.19495 
-1.53949 0.333869 1.20562 0 1.86747 1.95986 -0.0850346 -3.74229 0.0643554 -1.5537 1.48934 2.22045e-16 
1.15988 0.854507 0.463424 -2.47781 0.443546 -1.05142 -2.44093 3.04881 0.437848 -1.14608 1.37195 -0.663719 
1.15988 -0.463424 0.854507 -1.55097 0.443546 2.44093 -1.05142 -1.83306 0.437848 -1.37195 -1.14608 2.08017 
-1.58115 1.58115 4.56991e-17 -4.56991e-17 -0.112575 1.98329 -1.87072 -2.22045e-16 -0.0725118 2.06601 1.9935 -3.987 
-1.58115 -1.40729e-16 1.58115 0 -0.112575 1.87072 1.98329 -3.74143 -0.0725118 -1.9935 2.06601 0 
-1.4372 1.4372 -9.40451e-07 1.8809e-06 1.76839 0.102326 -1.87072 1.33917e-07 1.92759 0.0659099 1.9935 -3.987 
-1.4372 9.40451e-07 1.4372 0 1.76839 1.87072 0.102326 -3.74143 1.92759 -1.9935 0.0659099 8.32667e-17 
1.2916 1.06891 -2.1633 -0.197206 -2.12423 -0.969434 -0.82726 3.92093 1.68458 -1.06514 -0.816633 0.197196 
-1.2916 -2.1633 1.06891 2.386 2.12423 -0.82726 -0.969434 -0.327541 -1.68458 -0.816633 -1.06514 3.56635 
-0.865563 0.424696 -1.29056 1.73142 0.785012 -1.33801 -1.61879 2.17178 0.862513 2.54843 -1.6863 -1.72464 
-0.865563 -1.29056 -0.424696 2.58082 0.785012 -1.61879 1.33801 -0.504232 0.862513 -1.6863 -2.54843 3.37222 
-0.492428 1.50766 -1.01523 1.00534e-06 1.03493 0.0197514 -1.05468 9.26311e-07 0.117683 1.52185 1.39967 -3.03921 
0.0417548 -1.10109 -0.875206 1.93454 1.04193 -1.0558 -0.0114658 0.0253448 0.656894 1.31301 -0.883445 -1.08646 
-1.10105 -0.069934 -0.808317 1.9793 -1.05466 -1.74509 1.65763 1.14212 1.31372 -1.10022 0.168859 -0.382368 
1.10105 -0.808317 -0.069934 -0.222795 1.05466 1.65763 -1.74509 -0.967204 -1.31372 0.168859 -1.10022 2.24508 
1.35952 1.33648 -1.6746 -1.0214 0.331097 -2.80886 0.331097 2.14666 1.55725 -0.319398 1.55725 -2.79511 
1.35952 1.6746 1.33648 -4.37059 0.331097 -0.331097 -2.80886 2.80886 1.55725 -1.55725 -0.319398 0.319397 
-1.76594 1.36617 -0.823144 1.22292 0.308851 -2.80163 -0.200469 2.69324 1.45262 -0.285394 -0.942868 -0.22436 
1.76594 -0.823144 1.36617 -2.30896 -0.308851 -0.200469 -2.80163 3.31095 -1.45262 -0.942868 -0.285394 2.68088 
-1.48865 1.48865 5.8037e-18 -5.8037e-18 -1.43158 -0.293584 -1.138 2.86316 -6.92247e-17 1.5806 -1.5806 0 
1.48865 1.48865 -3.61041e-16 -2.97729 -0.293584 1.43158 -1.138 0 1.5806 8.04227e-17 -1.5806 0 
-1.48865 -7.81615e-18 1.48865 0 7.09068e-17 1.5326 -1.5326 4.44089e-16 1.98837 2.12868 -0.140309 -3.97674 
1.48865 4.75856e-16 1.48865 -2.97729 -1.5326 1.5326 7.63278e-17 -7.63278e-17 -0.140309 2.12868 -1.98837 0 
-0.852555 0.405585 -1.04992 1.49689 -1.55703 -1.21798 0.207061 2.56795 0.675382 -1.14996 -1.11478 1.58936 
0.405585 0.852555 -1.04992 -0.208217 -1.21798 1.55703 0.207061 -0.546104 -1.14996 -0.675382 -1.11478 2.94012 
-1.50635 -1.89062 1.50635 1.89062 0.0182256 1.94644 -0.0182257 -1.94644 1.99004 0.178196 1.9867 -4.15493 
1.50635 -1.89062 1.50635 -1.12208 -0.0182257 1.94644 -0.0182256 -1.90999 1.9867 0.178196 -1.99004 -0.174859 
-1.37659 -0.984942 -0.643134 3.00466 0.0166556 0.0119171 1.93135 -1.95992 2.16118 -1.29902 1.82349 -2.68564 
1.37659 -0.643134 -0.984942 0.251488 -0.0166556 1.93135 0.0119171 -1.92661 -2.16118 1.82349 -1.29902 1.63671 
-1.19119 -0.334465 -1.52566 3.05132 1.96001 -0.0888674 -1.87115 -2.22045e-16 -1.55647 1.55647 -8.39926e-17 8.39926e-17 
-1.19119 1.52566 -0.334465 -1.66533e-16 1.96001 1.87115 -0.0888674 -3.74229 -1.55647 8.39926e-17 1.55647 0 
-1.09439 0.222692 1.06891 -0.197206 -1.79669 -1.1548 -0.969434 3.92093 -1.88177 2.74972 -1.06514 0.197196 
1.09439 1.06891 0.222692 -2.386 1.79669 -0.969434 -1.1548 0.327541 1.88177 -1.06514 2.74972 -3.56635 
-0.865563 1.29026 -2.15612 1.73142 0.785012 -2.12302 -0.833774 2.17178 0.862513 1.68591 -0.823791 -1.72464 
-0.865563 2.15612 1.29026 -2.58082 0.785012 0.833774 -2.12302 0.504232 0.862513 0.823791 1.68591 -3.37222 
-0.938816 1.15127 -0.248557 0.0361002 -2.60347 -1.39655 1.28893 2.71109 0.0392455 -0.0481268 -3.06909 3.07797 
0.938816 -0.248557 1.15127 -1.84153 2.60347 1.28893 -1.39655 -2.49584 -0.0392455 -3.06909 -0.0481268 3.15646 
-1.53949 -1.53949 0.667737 2.41124 1.86747 -1.87482 0.177418 -0.170069 0.0643554 0.0643554 -3.10739 2.97868 
-1.53949 0.667737 1.53949 -0.667737 1.86747 0.177418 1.87482 -3.91971 0.0643554 -3.10739 -0.0643554 3.10739 
0.969706 -0.699191 1.61067 -1.88118 0.989046 -1.07133 -1.5266 1.60888 -0.647887 -0.913498 0.18953 1.37186 
0.969706 -1.61067 -0.699191 1.34015 0.989046 1.5266 -1.07133 -1.44431 -0.647887 -0.18953 -0.913498 1.75092 
1.10601 0.359591 1.4656 -2.9312 1.69467 0.0542009 -1.74887 -1.80507e-06 1.44501 -1.44501 7.69569e-07 -1.53914e-06 
1.10601 -1.4656 0.359591 -3.33067e-16 1.69467 1.74887 0.0542009 -3.49775 1.44501 -7.69569e-07 -1.44501 0 
-0.309599 -1.16079 1.47039 -2.22045e-16 -0.0466656 1.79482 1.7496 -3.49775 1.24412 -1.22485 -0.0192603 1.14492e-16 
-0.0597602 -1.03113 -0.65876 1.74965 0.250613 -1.22693 2.39218 -1.41586 1.24084 0.0135066 -1.23143 -0.0229183 
0.678959 0.0687041 -1.06474 0.317082 -2.47689 -0.288121 -1.08598 3.85099 0.812029 -1.42655 0.711385 -0.0968644 
-0.678959 -1.06474 0.0687041 1.675 2.47689 -1.08598 -0.288121 -1.10279 -0.812029 0.711385 -1.42655 1.52719 
-1.4372 8.92824e-07 1.4372 -1.78565e-06 1.79879 -1.89525 0.0964561 -1.19842e-07 -0.0302042 -1.89255 -1.86234 3.7851 
-1.4372 1.4372 -8.92824e-07 -2.15106e-16 1.79879 0.0964561 1.89525 -3.79049 -0.0302042 -1.86234 1.89255 0 
-1.22201 -1.13286 -0.246025 2.60089 1.81323 -0.0760308 -1.91176 0.174556 -0.309053 1.46798 -1.57374 0.41482 
-1.22201 0.246025 -1.13286 2.10884 1.81323 1.91176 -0.0760308 -3.64896 -0.309053 1.57374 1.46798 -2.73267 
1.39349 0.138264 1.16534 -2.69709 0.151163 -2.0683 -1.45853 3.37566 -1.86326 -1.88964 0.0244908 3.72841 
1.39349 1.16534 -0.138264 -2.42056 0.151163 -1.45853 2.0683 -0.760929 -1.86326 0.0244908 1.88964 -0.0508707 
-0.121535 -1.10343 0.995383 0.229583 -2.09648 -0.119698 -1.47697 3.69314 -1.54226 1.47542 0.251739 -0.184899 
0.121535 0.995383 -1.10343 -0.0134869 2.09648 -1.47697 -0.119698 -0.499814 1.54226 0.251739 1.47542 -3.26942 
-1.48865 1.48865 -1.34375e-06 3.03921e-06 -3.00825e-06 1.54649 -1.54649 3.03921e-06 1.5196 0.175854 1.34375 -3.03921 
1.48865 1.48865 -1.34375e-06 -2.97729 1.54649 3.00825e-06 -1.54649 -2.97729e-06 0.175854 -1.5196 1.34375 -1.93733e-06 
-1.48865 1.5708e-06 1.48865 2.22045e-16 1.74887 1.80779 -0.0589181 -3.49775 -1.48865e-06 -1.5708 1.5708 4.44089e-16 
1.48865 1.5708e-06 1.48865 -2.97729 -0.0589181 1.80779 -1.74887 -1.78042e-06 1.5708 -1.5708 1.48865e-06 -2.97729e-06 
-1.50766 1.50766 -2.03046 2.03046 -0.0197523 0.0197514 -2.10936 2.10936 1.51736 1.52185 -0.239859 -2.79935 
1.50766 1.50766 -2.03046 -0.984856 0.0197514 0.0197523 -2.10936 2.06985 1.52185 -1.51736 -0.239859 0.235366 
-1.05934 -0.26764 -0.875206 2.20218 -0.013879 -2.08626 -0.0114658 2.11161 1.9699 1.53956 -0.883445 -2.62601 
1.05934 -0.875206 -0.26764 0.0835096 0.013879 -0.0114658 -2.08626 2.08385 -1.9699 -0.883445 1.53956 1.31379 
-1.47039 -2.32159 1.47039 2.32159 1.74815 0.0918845 1.7496 -3.58963 0.0192603 -2.44971 -0.0192603 2.44971 
1.47039 -2.32159 1.47039 -0.619197 1.7496 0.0918845 -1.74815 -0.0933313 -0.0192603 -2.44971 -0.0192603 2.48823 
-0.71852 -1.03113 0.432134 1.31752 2.64279 -1.22693 3.3685 -4.78436 0.00941174 0.0135066 -2.48578 2.46286 
0.71852 0.432134 -1.03113 -0.11952 -2.64279 3.3685 -1.22693 0.501226 -0.00941174 -2.48578 0.0135066 2.48169 
